$ANSIBLE_VAULT;1.1;AES256
30326134646364633165373235633765666362313862386166313134343632353062376536323935
6362313765643961633734626334363666616664333936620a306566356134653937633834306531
37393231356265373732323335373131653336656566353030646431303539323332663761633930
3265613831353631630a326332383262663530373739393965396132666431633238303832666136
32326639346135363864376139306430653561663135396635363634396666333537663032383163
32663064336633656266323863396437343134363465316138353265326265313361306234613164
62346163623763616239393264316661663137393565646231626633323535376133313061306266
62653364623736343439306364656161613830343739396333343139653535613832653965376539
32666339346565636337393938626133663331363766373832356665373538626163653165396566
34313833613065663937303466323730353838643131386434393630613266313364373366666231
66643731316665663165323966623931313132666534323664353038663133346366643335363230
38353261363138303534323065313432643137633838623731376632353165386432623564313734
63316465336233316561666634306164346365363363316635343937623630643832303936613062
66306433323363613132396337636439643733303534653162646131633165616364346236653533
33333238306461383331383362353939636162363465323363373433623730626439303536306137
38323533323662663663646662346461336163333431633535316663626263613433303638383063
61383361343236633366393763376266313363653562373833626333373565303363656564396136
39306466376334333163306333323831336364663830613136363439653633373430646164383164
63653731363862393738336363363663333336613861393637613337373835643835373965306130
34623162646463633831656230353531656336316431303338343334376233623866376434316333
39353137656538643534666636383465346631323761613035613239333533363039363532636239
62656135323563376334333638316135303535386635323734363265383934376235336134396234
64363865623430623638663937343734373030663432306665373132633736336431633238656230
66396237326636613438633631336162373935633236626661646663346262306361396564356164
65343834363937343038393434653531396466356366643033313936626633353562353065653830
34303339623861626234393036373661363964303164653635656631353665353738343231303061
33613662376665646131636366303133323736353833313963333962313233343336626338383836
62343031303265313266393864623465383037346331633165636339396365626232666533653463
30356438373730343932323530303437643038393866373563316237313664663930343266376632
38363637396537663161373365353133663163663161383238356164386162376631623962373865
33343632316135303239383633346532323036376339346130303736643639316437356230373530
35323839333632323238363661643130353036663439333964323366353065356561343863353661
61313736373538393231326566316661386566303034653333323762623566373366373137613932
66653635323162323561626135643935336637623937623235653235383032376539653563313762
65663533353762303162656461636536613334303838653664616663333632363761333835393961
32323133643438656535393865643065333162646132343765616537326431616164363835646662
65666236643430323530666163323232626432663731373566316131356563613264326333363333
62383435363638613864646538646130666531376464623232386533633133323462613862626134
63373061316437663438303833616162303764613061393930323539303138333165323531343135
33383431396664386139383237613263343134623766373935373831373363303436306663373932
33333835616135386565363537613166666234633734646564393131363231353763386536353362
66633535633130376131383663633463343534336539336533363535376362633234326531323230
63633135323763316564373864653739653036306163373538363432376331396338613963356239
32616666656136336538393832383437393332343032376464366135313963333736393361316335
35323463303637633264623562303434396634626631376637643238373834373763376331346435
66656533303462616130343235633062643532653335393433393661326137653762623761323035
62313433643266653838613839393136653638646535333266323530393666313235646233653163
64313535346532643639646262306539633132316664616264613733666336656530323835303237
35393135333831643663663739616166336136313162336361336664643734356661626534666566
39353637653366633637653461653635303733343137326332653065663063396530303765653738
32393430646533386433373838393137343166386330373933393864643632383639616463343766
66613435333038383739343033646564666165336466656663633131613062613030623738363161
64366362306264316366353766633732313765346361616566623331666437633766353362383033
64663566393264353035316162666164353434376339393234663766303463616362356632633665
64343931666364333766343066623563393035626531336230663466333261666538333236353133
39336231613735346565323064323762323966363434353864396136383965666630653534366166
38613534333831373865326633366632663132636130666635316663633461363861653861613436
35623664653233326162313435326663326132613963613235666337333537313637363962306266
61633135663364656564616230326433393933333631313236333633346563346161396331326439
35386165303430623438663534323336643363353939366165303766666131663536613363313264
35623533393538343731393235613633633964396664316364306539616461336636363934323364
34323339316130666235323435373962303461366337613766623630653731326233643239623132
62396364313066643262633134366164393630333265623832363136623664326161613831306234
65643265353261323363626539356335653964323763303763653564653766326164353538333135
36613930346465643233316266306664383032633332623234336432386266376430656539633535
65646538363038303033666132346662323633386232623333383737333938346135306333663538
63663533633837313565616163306439653461306133376339653430646230653338643839316666
34326264343831333337656533343366306664646665633338333135373436393135363237663532
32346361643239313634646136663239656232616638316137303136396435616439316333663864
61613535393436376539323633666437366637306666386661653731643839323635356463333331
37323637396138663037316564333533383934303736323263613366666633653334353364666664
31616430666362363165636434663336636266383336613933663965316363633433336230333034
39396339636639303432313836643364616432336634353534643963326137643034646366383965
34626465646662633733633263623432396565386165663235663733356162343362353732616663
65633433333436636235333134323834386534313538643030336332333032646234396361643961
37343638623564343037633430633934303333643331306135393135633865366438313132313632
30363036666334663936626239333266366434626539636231666132396561333633656532636332
34393964303566326531376265353337646637393538336262323334343333373439643563646138
35396461326230323739613364643038353032316234313433343030616463353938326133336366
62643935323334626265383539653361353461363937376264323666346635346562623336636137
32393837656437323438623931643339613834313832656563356131336461313536303063633664
65353032376436656434613634306439303437326463643337663335303363623739366537303230
34633565356435653865613536623364363730373166363735343530336465306535393831333263
37363339316435356337353139663236333637333736383661373662623532303133386530653331
65663335633563316138346161303736626539346361356134316663633530626130623230356265
65366265663266353137623964333530656134366236633239333233393833613736323038396363
32663665333830373233326562326665663062626665656565333735323066386161373635396261
33303966363935363633653937613733326233323136313633643965323739376433346363346565
3266
